Refractive index of gold at +31K
lambda [um]	n	k
0.55043	0.33832	2.48320
0.55212	0.33008	2.51088
0.55381	0.32225	2.53816
0.55550	0.31482	2.56505
0.55719	0.30776	2.59158
0.55888	0.30105	2.61775
0.56057	0.29466	2.64358
0.56225	0.28857	2.66907
0.56394	0.28277	2.69424
0.56563	0.27724	2.71910
0.56732	0.27197	2.74366
0.56901	0.26693	2.76793
0.57070	0.26212	2.79192
0.57239	0.25752	2.81564
0.57408	0.25312	2.83910
0.57577	0.24891	2.86230
0.57746	0.24488	2.88526
0.57915	0.24102	2.90799
0.58084	0.23732	2.93048
0.58253	0.23377	2.95276
0.58422	0.23037	2.97482
0.58591	0.22711	2.99668
0.58760	0.22398	3.01833
0.58929	0.22097	3.03979
0.59098	0.21809	3.06106
0.59267	0.21531	3.08215
0.59436	0.21265	3.10307
0.59605	0.21008	3.12381
0.59774	0.20762	3.14439
0.59943	0.20525	3.16481
0.60112	0.20297	3.18507
0.60281	0.20077	3.20518
0.60450	0.19866	3.22514
0.60619	0.19662	3.24496
0.60788	0.19466	3.26464
0.60957	0.19278	3.28419
0.61126	0.19096	3.30360
0.61295	0.18921	3.32289
0.61464	0.18752	3.34206
0.61633	0.18589	3.36110
0.61801	0.18432	3.38003
0.61970	0.18281	3.39884
0.62139	0.18135	3.41755
0.62308	0.17995	3.43614
0.62477	0.17860	3.45463
0.62646	0.17729	3.47302
0.62815	0.17603	3.49131
0.62984	0.17481	3.50950
0.63153	0.17364	3.52759
0.63322	0.17251	3.54560
0.63491	0.17143	3.56351
0.63660	0.17037	3.58134
0.63829	0.16936	3.59908
0.63998	0.16839	3.61673
0.64167	0.16744	3.63431
0.64336	0.16654	3.65180
0.64505	0.16566	3.66922
0.64674	0.16482	3.68656
0.64843	0.16401	3.70383
0.65012	0.16323	3.72102
0.65181	0.16247	3.73815
0.65350	0.16175	3.75520
0.65519	0.16105	3.77219
0.65688	0.16038	3.78911
0.65857	0.15973	3.80597
0.66026	0.15911	3.82276
0.66195	0.15851	3.83949
0.66364	0.15793	3.85616
0.66533	0.15738	3.87277
0.66702	0.15685	3.88932
0.66871	0.15634	3.90582
0.67040	0.15585	3.92226
0.67209	0.15538	3.93865
0.67378	0.15493	3.95498
0.67546	0.15450	3.97126
0.67715	0.15409	3.98749
0.67884	0.15369	4.00367
0.68053	0.15332	4.01980
0.68222	0.15296	4.03588
0.68391	0.15261	4.05191
0.68560	0.15229	4.06790
0.68729	0.15197	4.08384
0.68898	0.15168	4.09974
0.69067	0.15140	4.11559
0.69236	0.15113	4.13140
0.69405	0.15088	4.14717
0.69574	0.15064	4.16290
0.69743	0.15041	4.17858
0.69912	0.15020	4.19423
0.70081	0.15000	4.20984
0.70250	0.14981	4.22541
0.70419	0.14964	4.24094
0.70588	0.14947	4.25643
0.70757	0.14932	4.27189
0.70926	0.14918	4.28731
0.71095	0.14905	4.30270
0.71264	0.14894	4.31805
0.71433	0.14883	4.33337
0.71602	0.14873	4.34866
0.71771	0.14865	4.36391
0.71940	0.14857	4.37913
0.72109	0.14850	4.39432
0.72278	0.14844	4.40947
0.72447	0.14840	4.42460
0.72616	0.14836	4.43970
0.72785	0.14833	4.45476
0.72954	0.14831	4.46980
0.73122	0.14829	4.48481
0.73291	0.14829	4.49979
0.73460	0.14829	4.51475
0.73629	0.14830	4.52967
0.73798	0.14832	4.54457
0.73967	0.14835	4.55944
0.74136	0.14839	4.57429
0.74305	0.14843	4.58911
0.74474	0.14848	4.60390
0.74643	0.14854	4.61867
0.74812	0.14860	4.63342
0.74981	0.14867	4.64814
0.75150	0.14875	4.66284
0.75319	0.14883	4.67751
0.75488	0.14893	4.69216
0.75657	0.14902	4.70679
0.75826	0.14913	4.72140
0.75995	0.14924	4.73598
0.76164	0.14935	4.75054
0.76333	0.14948	4.76508
0.76502	0.14960	4.77960
0.76671	0.14974	4.79410
0.76840	0.14988	4.80858
0.77009	0.15002	4.82303
0.77178	0.15017	4.83747
0.77347	0.15033	4.85189
0.77516	0.15049	4.86629
0.77685	0.15066	4.88067
0.77854	0.15083	4.89503
0.78023	0.15101	4.90937
0.78192	0.15119	4.92369
0.78361	0.15137	4.93799
0.78530	0.15157	4.95228
0.78699	0.15176	4.96655
0.78867	0.15196	4.98080
0.79036	0.15217	4.99504
0.79205	0.15238	5.00925
0.79374	0.15260	5.02345
0.79543	0.15281	5.03764
0.79712	0.15304	5.05180
0.79881	0.15327	5.06596
0.80050	0.15350	5.08009
0.80219	0.15374	5.09421
0.80388	0.15398	5.10831
0.80557	0.15422	5.12240
0.80726	0.15447	5.13648
0.80895	0.15472	5.15053
0.81064	0.15498	5.16458
0.81233	0.15524	5.17861
0.81402	0.15550	5.19262
0.81571	0.15577	5.20662
0.81740	0.15604	5.22061
0.81909	0.15632	5.23458
0.82078	0.15660	5.24854
0.82247	0.15688	5.26248
0.82416	0.15717	5.27641
0.82585	0.15746	5.29033
0.82754	0.15775	5.30424
0.82923	0.15805	5.31813
0.83092	0.15835	5.33201
0.83261	0.15865	5.34587
0.83430	0.15896	5.35973
0.83599	0.15926	5.37357
0.83768	0.15958	5.38740
0.83937	0.15989	5.40122
0.84106	0.16021	5.41502
0.84275	0.16054	5.42881
0.84443	0.16086	5.44260
0.84612	0.16119	5.45637
0.84781	0.16152	5.47012
0.84950	0.16186	5.48387
0.85119	0.16219	5.49761
0.85288	0.16253	5.51133
0.85457	0.16288	5.52505
0.85626	0.16322	5.53875
0.85795	0.16357	5.55244
0.85964	0.16392	5.56612
0.86133	0.16428	5.57979
0.86302	0.16464	5.59345
0.86471	0.16500	5.60711
0.86640	0.16536	5.62075
0.86809	0.16572	5.63438
0.86978	0.16609	5.64800
0.87147	0.16646	5.66161
0.87316	0.16683	5.67521
0.87485	0.16721	5.68880
0.87654	0.16759	5.70238
0.87823	0.16797	5.71595
0.87992	0.16835	5.72951
0.88161	0.16874	5.74307
0.88330	0.16913	5.75661
0.88499	0.16952	5.77014
0.88668	0.16991	5.78367
0.88837	0.17031	5.79719
0.89006	0.17070	5.81070
0.89175	0.17110	5.82419
0.89344	0.17151	5.83769
0.89513	0.17191	5.85117
0.89682	0.17232	5.86464
0.89851	0.17273	5.87811
0.90020	0.17314	5.89156
0.90188	0.17355	5.90501
0.90357	0.17397	5.91845
0.90526	0.17439	5.93188
0.90695	0.17481	5.94531
0.90864	0.17523	5.95873
0.91033	0.17566	5.97213
0.91202	0.17608	5.98553
0.91371	0.17651	5.99893
0.91540	0.17694	6.01231
0.91709	0.17738	6.02569
0.91878	0.17781	6.03906
0.92047	0.17825	6.05242
0.92216	0.17869	6.06578
0.92385	0.17913	6.07913
0.92554	0.17957	6.09247
0.92723	0.18002	6.10580
0.92892	0.18047	6.11913
0.93061	0.18092	6.13245
0.93230	0.18137	6.14576
0.93399	0.18182	6.15906
0.93568	0.18228	6.17236
0.93737	0.18273	6.18566
0.93906	0.18319	6.19894
0.94075	0.18366	6.21222
0.94244	0.18412	6.22549
0.94413	0.18458	6.23876
0.94582	0.18505	6.25201
0.94751	0.18552	6.26527
0.94920	0.18599	6.27851
0.95089	0.18646	6.29175
0.95258	0.18694	6.30499
0.95427	0.18741	6.31821
0.95596	0.18789	6.33143
0.95764	0.18837	6.34465
0.95933	0.18885	6.35786
0.96102	0.18933	6.37106
0.96271	0.18982	6.38425
0.96440	0.19031	6.39744
0.96609	0.19080	6.41063
0.96778	0.19129	6.42381
0.96947	0.19178	6.43698
0.97116	0.19227	6.45015
0.97285	0.19277	6.46331
0.97454	0.19326	6.47647
0.97623	0.19376	6.48962
0.97792	0.19426	6.50276
0.97961	0.19477	6.51590
0.98130	0.19527	6.52903
0.98299	0.19578	6.54216
0.98468	0.19628	6.55528
0.98637	0.19679	6.56840
0.98806	0.19730	6.58151
0.98975	0.19781	6.59462
0.99144	0.19833	6.60772
0.99313	0.19884	6.62082
0.99482	0.19936	6.63391
0.99651	0.19988	6.64700
0.99820	0.20040	6.66008
0.99989	0.20092	6.67315
1.00158	0.20145	6.68623
1.00327	0.20197	6.69929
1.00496	0.20250	6.71235
1.00665	0.20302	6.72541
1.00834	0.20355	6.73846
1.01003	0.20409	6.75151
1.01172	0.20462	6.76455
1.01341	0.20515	6.77759
1.01509	0.20569	6.79062
1.01678	0.20623	6.80365
1.01847	0.20677	6.81667
1.02016	0.20731	6.82969
1.02185	0.20785	6.84270
1.02354	0.20839	6.85571
1.02523	0.20894	6.86872
1.02692	0.20948	6.88172
1.02861	0.21003	6.89471
1.03030	0.21058	6.90771
1.03199	0.21113	6.92069
1.03368	0.21168	6.93368
1.03537	0.21224	6.94666
1.03706	0.21279	6.95963
1.03875	0.21335	6.97260
1.04044	0.21391	6.98557
1.04213	0.21447	6.99853
1.04382	0.21503	7.01149
1.04551	0.21559	7.02444
1.04720	0.21616	7.03739
