Refractive index of gold at +39K
lambda [um]	n	k
0.55043	0.33904	2.48261
0.55212	0.33084	2.51030
0.55381	0.32305	2.53760
0.55550	0.31566	2.56451
0.55719	0.30864	2.59106
0.55888	0.30196	2.61725
0.56057	0.29560	2.64309
0.56225	0.28954	2.66860
0.56394	0.28377	2.69379
0.56563	0.27826	2.71866
0.56732	0.27301	2.74324
0.56901	0.26799	2.76752
0.57070	0.26320	2.79153
0.57239	0.25861	2.81527
0.57408	0.25423	2.83874
0.57577	0.25003	2.86196
0.57746	0.24602	2.88494
0.57915	0.24217	2.90768
0.58084	0.23848	2.93019
0.58253	0.23495	2.95248
0.58422	0.23156	2.97456
0.58591	0.22830	2.99643
0.58760	0.22518	3.01810
0.58929	0.22218	3.03958
0.59098	0.21930	3.06087
0.59267	0.21653	3.08197
0.59436	0.21387	3.10290
0.59605	0.21131	3.12366
0.59774	0.20885	3.14425
0.59943	0.20649	3.16469
0.60112	0.20421	3.18496
0.60281	0.20202	3.20509
0.60450	0.19991	3.22506
0.60619	0.19788	3.24490
0.60788	0.19592	3.26459
0.60957	0.19404	3.28415
0.61126	0.19222	3.30358
0.61295	0.19047	3.32289
0.61464	0.18879	3.34206
0.61633	0.18716	3.36112
0.61801	0.18560	3.38006
0.61970	0.18409	3.39889
0.62139	0.18263	3.41761
0.62308	0.18123	3.43622
0.62477	0.17987	3.45472
0.62646	0.17857	3.47312
0.62815	0.17731	3.49142
0.62984	0.17610	3.50962
0.63153	0.17493	3.52773
0.63322	0.17380	3.54575
0.63491	0.17271	3.56367
0.63660	0.17166	3.58151
0.63829	0.17065	3.59926
0.63998	0.16967	3.61693
0.64167	0.16873	3.63451
0.64336	0.16783	3.65202
0.64505	0.16695	3.66945
0.64674	0.16611	3.68680
0.64843	0.16530	3.70408
0.65012	0.16452	3.72129
0.65181	0.16376	3.73842
0.65350	0.16304	3.75549
0.65519	0.16234	3.77248
0.65688	0.16167	3.78941
0.65857	0.16102	3.80628
0.66026	0.16040	3.82308
0.66195	0.15980	3.83982
0.66364	0.15923	3.85650
0.66533	0.15868	3.87312
0.66702	0.15815	3.88968
0.66871	0.15764	3.90619
0.67040	0.15715	3.92264
0.67209	0.15668	3.93903
0.67378	0.15623	3.95537
0.67546	0.15580	3.97166
0.67715	0.15539	3.98790
0.67884	0.15500	4.00409
0.68053	0.15462	4.02023
0.68222	0.15426	4.03631
0.68391	0.15392	4.05236
0.68560	0.15359	4.06835
0.68729	0.15328	4.08430
0.68898	0.15299	4.10021
0.69067	0.15270	4.11607
0.69236	0.15244	4.13189
0.69405	0.15219	4.14766
0.69574	0.15195	4.16340
0.69743	0.15172	4.17909
0.69912	0.15151	4.19474
0.70081	0.15131	4.21036
0.70250	0.15113	4.22593
0.70419	0.15095	4.24147
0.70588	0.15079	4.25697
0.70757	0.15064	4.27244
0.70926	0.15050	4.28787
0.71095	0.15038	4.30326
0.71264	0.15026	4.31862
0.71433	0.15015	4.33394
0.71602	0.15006	4.34923
0.71771	0.14997	4.36449
0.71940	0.14990	4.37972
0.72109	0.14983	4.39491
0.72278	0.14978	4.41008
0.72447	0.14973	4.42521
0.72616	0.14969	4.44031
0.72785	0.14966	4.45538
0.72954	0.14964	4.47043
0.73122	0.14963	4.48544
0.73291	0.14963	4.50043
0.73460	0.14964	4.51538
0.73629	0.14965	4.53031
0.73798	0.14967	4.54522
0.73967	0.14970	4.56010
0.74136	0.14974	4.57495
0.74305	0.14978	4.58977
0.74474	0.14983	4.60457
0.74643	0.14989	4.61935
0.74812	0.14996	4.63410
0.74981	0.15003	4.64882
0.75150	0.15011	4.66352
0.75319	0.15020	4.67820
0.75488	0.15029	4.69286
0.75657	0.15039	4.70749
0.75826	0.15050	4.72210
0.75995	0.15061	4.73669
0.76164	0.15073	4.75125
0.76333	0.15085	4.76580
0.76502	0.15098	4.78032
0.76671	0.15112	4.79482
0.76840	0.15126	4.80930
0.77009	0.15141	4.82376
0.77178	0.15156	4.83821
0.77347	0.15172	4.85263
0.77516	0.15188	4.86703
0.77685	0.15205	4.88141
0.77854	0.15223	4.89577
0.78023	0.15241	4.91012
0.78192	0.15259	4.92445
0.78361	0.15278	4.93875
0.78530	0.15298	4.95304
0.78699	0.15317	4.96732
0.78867	0.15338	4.98157
0.79036	0.15359	4.99581
0.79205	0.15380	5.01003
0.79374	0.15402	5.02423
0.79543	0.15424	5.03842
0.79712	0.15447	5.05259
0.79881	0.15470	5.06674
0.80050	0.15493	5.08088
0.80219	0.15517	5.09500
0.80388	0.15541	5.10911
0.80557	0.15566	5.12320
0.80726	0.15591	5.13728
0.80895	0.15617	5.15134
0.81064	0.15643	5.16538
0.81233	0.15669	5.17941
0.81402	0.15696	5.19343
0.81571	0.15723	5.20743
0.81740	0.15751	5.22142
0.81909	0.15778	5.23540
0.82078	0.15807	5.24936
0.82247	0.15835	5.26331
0.82416	0.15864	5.27724
0.82585	0.15893	5.29116
0.82754	0.15923	5.30507
0.82923	0.15953	5.31896
0.83092	0.15983	5.33284
0.83261	0.16014	5.34671
0.83430	0.16045	5.36057
0.83599	0.16076	5.37441
0.83768	0.16108	5.38824
0.83937	0.16140	5.40206
0.84106	0.16172	5.41587
0.84275	0.16205	5.42966
0.84443	0.16238	5.44344
0.84612	0.16271	5.45722
0.84781	0.16304	5.47098
0.84950	0.16338	5.48473
0.85119	0.16372	5.49846
0.85288	0.16407	5.51219
0.85457	0.16441	5.52591
0.85626	0.16476	5.53961
0.85795	0.16511	5.55330
0.85964	0.16547	5.56699
0.86133	0.16583	5.58066
0.86302	0.16619	5.59432
0.86471	0.16655	5.60797
0.86640	0.16692	5.62162
0.86809	0.16729	5.63525
0.86978	0.16766	5.64887
0.87147	0.16803	5.66248
0.87316	0.16841	5.67608
0.87485	0.16879	5.68967
0.87654	0.16917	5.70326
0.87823	0.16956	5.71683
0.87992	0.16994	5.73039
0.88161	0.17033	5.74395
0.88330	0.17073	5.75749
0.88499	0.17112	5.77103
0.88668	0.17152	5.78456
0.88837	0.17192	5.79807
0.89006	0.17232	5.81158
0.89175	0.17272	5.82508
0.89344	0.17313	5.83858
0.89513	0.17354	5.85206
0.89682	0.17395	5.86553
0.89851	0.17436	5.87900
0.90020	0.17478	5.89246
0.90188	0.17520	5.90591
0.90357	0.17562	5.91935
0.90526	0.17604	5.93278
0.90695	0.17646	5.94621
0.90864	0.17689	5.95962
0.91033	0.17732	5.97303
0.91202	0.17775	5.98643
0.91371	0.17818	5.99983
0.91540	0.17862	6.01321
0.91709	0.17906	6.02659
0.91878	0.17950	6.03996
0.92047	0.17994	6.05333
0.92216	0.18038	6.06668
0.92385	0.18083	6.08003
0.92554	0.18127	6.09337
0.92723	0.18172	6.10671
0.92892	0.18218	6.12003
0.93061	0.18263	6.13335
0.93230	0.18309	6.14667
0.93399	0.18354	6.15997
0.93568	0.18400	6.17327
0.93737	0.18447	6.18657
0.93906	0.18493	6.19985
0.94075	0.18540	6.21313
0.94244	0.18586	6.22640
0.94413	0.18633	6.23967
0.94582	0.18680	6.25293
0.94751	0.18728	6.26618
0.94920	0.18775	6.27943
0.95089	0.18823	6.29267
0.95258	0.18871	6.30590
0.95427	0.18919	6.31913
0.95596	0.18967	6.33235
0.95764	0.19016	6.34556
0.95933	0.19064	6.35877
0.96102	0.19113	6.37197
0.96271	0.19162	6.38517
0.96440	0.19211	6.39836
0.96609	0.19260	6.41155
0.96778	0.19310	6.42473
0.96947	0.19360	6.43790
0.97116	0.19409	6.45107
0.97285	0.19459	6.46423
0.97454	0.19510	6.47739
0.97623	0.19560	6.49054
0.97792	0.19610	6.50368
0.97961	0.19661	6.51682
0.98130	0.19712	6.52995
0.98299	0.19763	6.54308
0.98468	0.19814	6.55621
0.98637	0.19866	6.56932
0.98806	0.19917	6.58244
0.98975	0.19969	6.59554
0.99144	0.20021	6.60864
0.99313	0.20073	6.62174
0.99482	0.20125	6.63483
0.99651	0.20177	6.64792
0.99820	0.20230	6.66100
0.99989	0.20283	6.67408
1.00158	0.20335	6.68715
1.00327	0.20388	6.70021
1.00496	0.20442	6.71327
1.00665	0.20495	6.72633
1.00834	0.20548	6.73938
1.01003	0.20602	6.75243
1.01172	0.20656	6.76547
1.01341	0.20710	6.77851
1.01509	0.20764	6.79154
1.01678	0.20818	6.80457
1.01847	0.20873	6.81759
1.02016	0.20927	6.83061
1.02185	0.20982	6.84363
1.02354	0.21037	6.85663
1.02523	0.21092	6.86964
1.02692	0.21147	6.88264
1.02861	0.21202	6.89564
1.03030	0.21258	6.90863
1.03199	0.21313	6.92162
1.03368	0.21369	6.93460
1.03537	0.21425	6.94758
1.03706	0.21481	6.96055
1.03875	0.21537	6.97352
1.04044	0.21594	6.98649
1.04213	0.21650	6.99945
1.04382	0.21707	7.01241
1.04551	0.21764	7.02536
1.04720	0.21821	7.03831
