Refractive index of gold at +38K
lambda [um]	n	k
0.55043	0.33891	2.48270
0.55212	0.33071	2.51038
0.55381	0.32293	2.53768
0.55550	0.31553	2.56459
0.55719	0.30851	2.59113
0.55888	0.30182	2.61731
0.56057	0.29546	2.64315
0.56225	0.28941	2.66866
0.56394	0.28363	2.69384
0.56563	0.27812	2.71872
0.56732	0.27287	2.74329
0.56901	0.26785	2.76757
0.57070	0.26305	2.79158
0.57239	0.25847	2.81531
0.57408	0.25409	2.83878
0.57577	0.24989	2.86200
0.57746	0.24587	2.88498
0.57915	0.24202	2.90771
0.58084	0.23834	2.93022
0.58253	0.23480	2.95251
0.58422	0.23141	2.97459
0.58591	0.22816	2.99646
0.58760	0.22503	3.01812
0.58929	0.22203	3.03960
0.59098	0.21915	3.06088
0.59267	0.21638	3.08199
0.59436	0.21372	3.10291
0.59605	0.21117	3.12367
0.59774	0.20871	3.14426
0.59943	0.20634	3.16469
0.60112	0.20406	3.18497
0.60281	0.20187	3.20509
0.60450	0.19976	3.22506
0.60619	0.19773	3.24489
0.60788	0.19577	3.26459
0.60957	0.19389	3.28415
0.61126	0.19207	3.30358
0.61295	0.19032	3.32288
0.61464	0.18864	3.34205
0.61633	0.18701	3.36111
0.61801	0.18545	3.38005
0.61970	0.18394	3.39887
0.62139	0.18248	3.41759
0.62308	0.18108	3.43619
0.62477	0.17973	3.45469
0.62646	0.17842	3.47309
0.62815	0.17716	3.49139
0.62984	0.17595	3.50959
0.63153	0.17478	3.52770
0.63322	0.17365	3.54571
0.63491	0.17256	3.56364
0.63660	0.17151	3.58147
0.63829	0.17050	3.59922
0.63998	0.16953	3.61689
0.64167	0.16859	3.63447
0.64336	0.16768	3.65198
0.64505	0.16680	3.66941
0.64674	0.16596	3.68676
0.64843	0.16515	3.70403
0.65012	0.16437	3.72124
0.65181	0.16362	3.73837
0.65350	0.16289	3.75543
0.65519	0.16219	3.77243
0.65688	0.16152	3.78936
0.65857	0.16088	3.80622
0.66026	0.16025	3.82303
0.66195	0.15966	3.83976
0.66364	0.15908	3.85644
0.66533	0.15853	3.87306
0.66702	0.15800	3.88962
0.66871	0.15749	3.90613
0.67040	0.15700	3.92257
0.67209	0.15653	3.93897
0.67378	0.15608	3.95531
0.67546	0.15565	3.97160
0.67715	0.15524	3.98783
0.67884	0.15485	4.00402
0.68053	0.15447	4.02015
0.68222	0.15411	4.03624
0.68391	0.15377	4.05228
0.68560	0.15344	4.06828
0.68729	0.15313	4.08423
0.68898	0.15284	4.10013
0.69067	0.15256	4.11599
0.69236	0.15229	4.13181
0.69405	0.15204	4.14758
0.69574	0.15180	4.16331
0.69743	0.15157	4.17901
0.69912	0.15136	4.19466
0.70081	0.15116	4.21027
0.70250	0.15098	4.22585
0.70419	0.15080	4.24139
0.70588	0.15064	4.25689
0.70757	0.15049	4.27235
0.70926	0.15035	4.28778
0.71095	0.15023	4.30317
0.71264	0.15011	4.31853
0.71433	0.15000	4.33385
0.71602	0.14991	4.34914
0.71771	0.14982	4.36440
0.71940	0.14975	4.37962
0.72109	0.14968	4.39482
0.72278	0.14962	4.40998
0.72447	0.14958	4.42511
0.72616	0.14954	4.44021
0.72785	0.14951	4.45528
0.72954	0.14949	4.47033
0.73122	0.14948	4.48534
0.73291	0.14948	4.50032
0.73460	0.14948	4.51528
0.73629	0.14950	4.53021
0.73798	0.14952	4.54511
0.73967	0.14955	4.55999
0.74136	0.14958	4.57484
0.74305	0.14963	4.58967
0.74474	0.14968	4.60446
0.74643	0.14974	4.61924
0.74812	0.14980	4.63399
0.74981	0.14988	4.64871
0.75150	0.14996	4.66341
0.75319	0.15004	4.67809
0.75488	0.15014	4.69275
0.75657	0.15024	4.70738
0.75826	0.15034	4.72199
0.75995	0.15045	4.73657
0.76164	0.15057	4.75114
0.76333	0.15070	4.76568
0.76502	0.15083	4.78021
0.76671	0.15096	4.79471
0.76840	0.15110	4.80919
0.77009	0.15125	4.82365
0.77178	0.15140	4.83809
0.77347	0.15156	4.85251
0.77516	0.15172	4.86691
0.77685	0.15189	4.88129
0.77854	0.15207	4.89566
0.78023	0.15225	4.91000
0.78192	0.15243	4.92432
0.78361	0.15262	4.93863
0.78530	0.15281	4.95292
0.78699	0.15301	4.96719
0.78867	0.15322	4.98145
0.79036	0.15342	4.99568
0.79205	0.15364	5.00990
0.79374	0.15385	5.02411
0.79543	0.15408	5.03829
0.79712	0.15430	5.05246
0.79881	0.15453	5.06662
0.80050	0.15477	5.08075
0.80219	0.15501	5.09488
0.80388	0.15525	5.10898
0.80557	0.15550	5.12307
0.80726	0.15575	5.13715
0.80895	0.15600	5.15121
0.81064	0.15626	5.16525
0.81233	0.15653	5.17929
0.81402	0.15679	5.19330
0.81571	0.15706	5.20730
0.81740	0.15734	5.22129
0.81909	0.15762	5.23527
0.82078	0.15790	5.24923
0.82247	0.15818	5.26317
0.82416	0.15847	5.27711
0.82585	0.15876	5.29103
0.82754	0.15906	5.30493
0.82923	0.15936	5.31883
0.83092	0.15966	5.33271
0.83261	0.15997	5.34658
0.83430	0.16028	5.36043
0.83599	0.16059	5.37427
0.83768	0.16091	5.38810
0.83937	0.16123	5.40192
0.84106	0.16155	5.41573
0.84275	0.16187	5.42952
0.84443	0.16220	5.44331
0.84612	0.16253	5.45708
0.84781	0.16287	5.47084
0.84950	0.16321	5.48459
0.85119	0.16355	5.49832
0.85288	0.16389	5.51205
0.85457	0.16424	5.52577
0.85626	0.16458	5.53947
0.85795	0.16494	5.55316
0.85964	0.16529	5.56685
0.86133	0.16565	5.58052
0.86302	0.16601	5.59418
0.86471	0.16637	5.60783
0.86640	0.16674	5.62147
0.86809	0.16711	5.63510
0.86978	0.16748	5.64873
0.87147	0.16785	5.66234
0.87316	0.16823	5.67594
0.87485	0.16861	5.68953
0.87654	0.16899	5.70311
0.87823	0.16937	5.71668
0.87992	0.16976	5.73025
0.88161	0.17015	5.74380
0.88330	0.17054	5.75735
0.88499	0.17094	5.77088
0.88668	0.17133	5.78441
0.88837	0.17173	5.79793
0.89006	0.17213	5.81144
0.89175	0.17254	5.82494
0.89344	0.17294	5.83843
0.89513	0.17335	5.85191
0.89682	0.17376	5.86538
0.89851	0.17417	5.87885
0.90020	0.17459	5.89231
0.90188	0.17501	5.90576
0.90357	0.17543	5.91920
0.90526	0.17585	5.93263
0.90695	0.17627	5.94606
0.90864	0.17670	5.95947
0.91033	0.17713	5.97288
0.91202	0.17756	5.98628
0.91371	0.17799	5.99968
0.91540	0.17842	6.01306
0.91709	0.17886	6.02644
0.91878	0.17930	6.03981
0.92047	0.17974	6.05317
0.92216	0.18019	6.06653
0.92385	0.18063	6.07988
0.92554	0.18108	6.09322
0.92723	0.18153	6.10655
0.92892	0.18198	6.11988
0.93061	0.18243	6.13320
0.93230	0.18289	6.14651
0.93399	0.18334	6.15982
0.93568	0.18380	6.17312
0.93737	0.18427	6.18641
0.93906	0.18473	6.19970
0.94075	0.18519	6.21297
0.94244	0.18566	6.22625
0.94413	0.18613	6.23951
0.94582	0.18660	6.25277
0.94751	0.18707	6.26602
0.94920	0.18755	6.27927
0.95089	0.18802	6.29251
0.95258	0.18850	6.30574
0.95427	0.18898	6.31897
0.95596	0.18946	6.33219
0.95764	0.18995	6.34541
0.95933	0.19043	6.35861
0.96102	0.19092	6.37182
0.96271	0.19141	6.38501
0.96440	0.19190	6.39820
0.96609	0.19239	6.41139
0.96778	0.19289	6.42457
0.96947	0.19338	6.43774
0.97116	0.19388	6.45091
0.97285	0.19438	6.46407
0.97454	0.19488	6.47723
0.97623	0.19539	6.49038
0.97792	0.19589	6.50352
0.97961	0.19640	6.51666
0.98130	0.19691	6.52979
0.98299	0.19742	6.54292
0.98468	0.19793	6.55604
0.98637	0.19844	6.56916
0.98806	0.19896	6.58227
0.98975	0.19947	6.59538
0.99144	0.19999	6.60848
0.99313	0.20051	6.62158
0.99482	0.20103	6.63467
0.99651	0.20155	6.64776
0.99820	0.20208	6.66084
0.99989	0.20261	6.67391
1.00158	0.20313	6.68698
1.00327	0.20366	6.70005
1.00496	0.20419	6.71311
1.00665	0.20473	6.72617
1.00834	0.20526	6.73922
1.01003	0.20580	6.75227
1.01172	0.20633	6.76531
1.01341	0.20687	6.77834
1.01509	0.20741	6.79138
1.01678	0.20796	6.80440
1.01847	0.20850	6.81743
1.02016	0.20904	6.83045
1.02185	0.20959	6.84346
1.02354	0.21014	6.85647
1.02523	0.21069	6.86947
1.02692	0.21124	6.88247
1.02861	0.21179	6.89547
1.03030	0.21235	6.90846
1.03199	0.21290	6.92145
1.03368	0.21346	6.93443
1.03537	0.21402	6.94741
1.03706	0.21458	6.96038
1.03875	0.21514	6.97335
1.04044	0.21570	6.98632
1.04213	0.21627	6.99928
1.04382	0.21683	7.01224
1.04551	0.21740	7.02519
1.04720	0.21797	7.03814
