Refractive index of gold at +42K
lambda [um]	n	k
0.55043	0.33976	2.48227
0.55212	0.33155	2.50998
0.55381	0.32375	2.53729
0.55550	0.31635	2.56422
0.55719	0.30932	2.59078
0.55888	0.30263	2.61698
0.56057	0.29626	2.64284
0.56225	0.29020	2.66836
0.56394	0.28442	2.69356
0.56563	0.27891	2.71845
0.56732	0.27364	2.74304
0.56901	0.26862	2.76734
0.57070	0.26382	2.79135
0.57239	0.25923	2.81510
0.57408	0.25484	2.83859
0.57577	0.25064	2.86182
0.57746	0.24662	2.88481
0.57915	0.24276	2.90756
0.58084	0.23907	2.93008
0.58253	0.23553	2.95239
0.58422	0.23213	2.97447
0.58591	0.22888	2.99635
0.58760	0.22575	3.01803
0.58929	0.22275	3.03952
0.59098	0.21986	3.06082
0.59267	0.21709	3.08193
0.59436	0.21443	3.10287
0.59605	0.21186	3.12364
0.59774	0.20940	3.14424
0.59943	0.20703	3.16468
0.60112	0.20475	3.18497
0.60281	0.20256	3.20510
0.60450	0.20044	3.22509
0.60619	0.19841	3.24493
0.60788	0.19645	3.26463
0.60957	0.19456	3.28420
0.61126	0.19274	3.30364
0.61295	0.19099	3.32295
0.61464	0.18930	3.34213
0.61633	0.18768	3.36120
0.61801	0.18611	3.38015
0.61970	0.18460	3.39898
0.62139	0.18314	3.41771
0.62308	0.18173	3.43632
0.62477	0.18038	3.45483
0.62646	0.17907	3.47324
0.62815	0.17781	3.49154
0.62984	0.17660	3.50975
0.63153	0.17542	3.52787
0.63322	0.17429	3.54589
0.63491	0.17320	3.56382
0.63660	0.17215	3.58166
0.63829	0.17114	3.59942
0.63998	0.17016	3.61710
0.64167	0.16922	3.63469
0.64336	0.16831	3.65220
0.64505	0.16744	3.66963
0.64674	0.16659	3.68699
0.64843	0.16578	3.70427
0.65012	0.16500	3.72149
0.65181	0.16425	3.73863
0.65350	0.16352	3.75570
0.65519	0.16282	3.77270
0.65688	0.16215	3.78963
0.65857	0.16150	3.80650
0.66026	0.16088	3.82331
0.66195	0.16028	3.84006
0.66364	0.15970	3.85674
0.66533	0.15915	3.87337
0.66702	0.15862	3.88993
0.66871	0.15811	3.90644
0.67040	0.15762	3.92290
0.67209	0.15715	3.93929
0.67378	0.15670	3.95564
0.67546	0.15627	3.97193
0.67715	0.15586	3.98817
0.67884	0.15547	4.00437
0.68053	0.15509	4.02051
0.68222	0.15473	4.03660
0.68391	0.15439	4.05265
0.68560	0.15406	4.06865
0.68729	0.15375	4.08460
0.68898	0.15345	4.10051
0.69067	0.15317	4.11637
0.69236	0.15291	4.13219
0.69405	0.15265	4.14797
0.69574	0.15242	4.16371
0.69743	0.15219	4.17941
0.69912	0.15198	4.19507
0.70081	0.15178	4.21068
0.70250	0.15160	4.22626
0.70419	0.15142	4.24180
0.70588	0.15126	4.25731
0.70757	0.15111	4.27278
0.70926	0.15097	4.28821
0.71095	0.15085	4.30360
0.71264	0.15073	4.31897
0.71433	0.15062	4.33429
0.71602	0.15053	4.34959
0.71771	0.15044	4.36485
0.71940	0.15037	4.38008
0.72109	0.15030	4.39528
0.72278	0.15025	4.41044
0.72447	0.15020	4.42558
0.72616	0.15016	4.44068
0.72785	0.15014	4.45576
0.72954	0.15012	4.47080
0.73122	0.15011	4.48582
0.73291	0.15010	4.50081
0.73460	0.15011	4.51577
0.73629	0.15012	4.53070
0.73798	0.15015	4.54561
0.73967	0.15018	4.56049
0.74136	0.15021	4.57534
0.74305	0.15026	4.59017
0.74474	0.15031	4.60497
0.74643	0.15037	4.61975
0.74812	0.15044	4.63450
0.74981	0.15051	4.64923
0.75150	0.15059	4.66393
0.75319	0.15068	4.67862
0.75488	0.15077	4.69327
0.75657	0.15087	4.70791
0.75826	0.15098	4.72252
0.75995	0.15109	4.73711
0.76164	0.15121	4.75168
0.76333	0.15134	4.76622
0.76502	0.15147	4.78075
0.76671	0.15160	4.79525
0.76840	0.15175	4.80974
0.77009	0.15190	4.82420
0.77178	0.15205	4.83864
0.77347	0.15221	4.85307
0.77516	0.15237	4.86747
0.77685	0.15254	4.88186
0.77854	0.15272	4.89622
0.78023	0.15290	4.91057
0.78192	0.15308	4.92490
0.78361	0.15327	4.93921
0.78530	0.15347	4.95350
0.78699	0.15367	4.96777
0.78867	0.15387	4.98203
0.79036	0.15408	4.99627
0.79205	0.15430	5.01049
0.79374	0.15452	5.02470
0.79543	0.15474	5.03888
0.79712	0.15497	5.05306
0.79881	0.15520	5.06721
0.80050	0.15543	5.08135
0.80219	0.15568	5.09548
0.80388	0.15592	5.10959
0.80557	0.15617	5.12368
0.80726	0.15642	5.13776
0.80895	0.15668	5.15182
0.81064	0.15694	5.16587
0.81233	0.15720	5.17990
0.81402	0.15747	5.19392
0.81571	0.15774	5.20792
0.81740	0.15802	5.22191
0.81909	0.15830	5.23589
0.82078	0.15858	5.24985
0.82247	0.15887	5.26380
0.82416	0.15916	5.27774
0.82585	0.15945	5.29166
0.82754	0.15975	5.30557
0.82923	0.16005	5.31946
0.83092	0.16036	5.33334
0.83261	0.16066	5.34721
0.83430	0.16097	5.36107
0.83599	0.16129	5.37492
0.83768	0.16161	5.38875
0.83937	0.16193	5.40257
0.84106	0.16225	5.41638
0.84275	0.16258	5.43018
0.84443	0.16291	5.44396
0.84612	0.16324	5.45773
0.84781	0.16358	5.47150
0.84950	0.16392	5.48525
0.85119	0.16426	5.49898
0.85288	0.16460	5.51271
0.85457	0.16495	5.52643
0.85626	0.16530	5.54014
0.85795	0.16566	5.55383
0.85964	0.16601	5.56752
0.86133	0.16637	5.58119
0.86302	0.16673	5.59485
0.86471	0.16710	5.60851
0.86640	0.16747	5.62215
0.86809	0.16784	5.63578
0.86978	0.16821	5.64941
0.87147	0.16859	5.66302
0.87316	0.16896	5.67662
0.87485	0.16935	5.69021
0.87654	0.16973	5.70380
0.87823	0.17011	5.71737
0.87992	0.17050	5.73094
0.88161	0.17089	5.74449
0.88330	0.17129	5.75804
0.88499	0.17168	5.77158
0.88668	0.17208	5.78511
0.88837	0.17248	5.79863
0.89006	0.17289	5.81214
0.89175	0.17329	5.82564
0.89344	0.17370	5.83913
0.89513	0.17411	5.85261
0.89682	0.17452	5.86609
0.89851	0.17494	5.87956
0.90020	0.17535	5.89302
0.90188	0.17577	5.90647
0.90357	0.17620	5.91991
0.90526	0.17662	5.93334
0.90695	0.17705	5.94677
0.90864	0.17747	5.96019
0.91033	0.17790	5.97360
0.91202	0.17834	5.98700
0.91371	0.17877	6.00040
0.91540	0.17921	6.01378
0.91709	0.17965	6.02716
0.91878	0.18009	6.04054
0.92047	0.18053	6.05390
0.92216	0.18098	6.06726
0.92385	0.18143	6.08061
0.92554	0.18187	6.09395
0.92723	0.18233	6.10729
0.92892	0.18278	6.12061
0.93061	0.18324	6.13394
0.93230	0.18369	6.14725
0.93399	0.18415	6.16056
0.93568	0.18461	6.17386
0.93737	0.18508	6.18715
0.93906	0.18554	6.20044
0.94075	0.18601	6.21372
0.94244	0.18648	6.22699
0.94413	0.18695	6.24026
0.94582	0.18742	6.25352
0.94751	0.18790	6.26677
0.94920	0.18837	6.28002
0.95089	0.18885	6.29326
0.95258	0.18933	6.30649
0.95427	0.18982	6.31972
0.95596	0.19030	6.33294
0.95764	0.19079	6.34616
0.95933	0.19127	6.35937
0.96102	0.19176	6.37257
0.96271	0.19225	6.38577
0.96440	0.19275	6.39896
0.96609	0.19324	6.41215
0.96778	0.19374	6.42533
0.96947	0.19424	6.43850
0.97116	0.19474	6.45167
0.97285	0.19524	6.46484
0.97454	0.19574	6.47799
0.97623	0.19625	6.49114
0.97792	0.19676	6.50429
0.97961	0.19727	6.51743
0.98130	0.19778	6.53056
0.98299	0.19829	6.54369
0.98468	0.19880	6.55682
0.98637	0.19932	6.56994
0.98806	0.19983	6.58305
0.98975	0.20035	6.59616
0.99144	0.20087	6.60926
0.99313	0.20140	6.62236
0.99482	0.20192	6.63545
0.99651	0.20245	6.64854
0.99820	0.20297	6.66162
0.99989	0.20350	6.67470
1.00158	0.20403	6.68777
1.00327	0.20456	6.70084
1.00496	0.20510	6.71390
1.00665	0.20563	6.72696
1.00834	0.20617	6.74001
1.01003	0.20671	6.75306
1.01172	0.20725	6.76610
1.01341	0.20779	6.77914
1.01509	0.20833	6.79217
1.01678	0.20888	6.80520
1.01847	0.20942	6.81822
1.02016	0.20997	6.83124
1.02185	0.21052	6.84426
1.02354	0.21107	6.85727
1.02523	0.21162	6.87027
1.02692	0.21217	6.88328
1.02861	0.21273	6.89627
1.03030	0.21329	6.90926
1.03199	0.21384	6.92225
1.03368	0.21440	6.93524
1.03537	0.21496	6.94822
1.03706	0.21553	6.96119
1.03875	0.21609	6.97416
1.04044	0.21666	6.98713
1.04213	0.21722	7.00009
1.04382	0.21779	7.01305
1.04551	0.21836	7.02600
1.04720	0.21893	7.03895
