Refractive index of gold at +52K
lambda [um]	n	k
0.55043	0.34386	2.48180
0.55212	0.33554	2.50955
0.55381	0.32764	2.53690
0.55550	0.32014	2.56388
0.55719	0.31302	2.59048
0.55888	0.30624	2.61673
0.56057	0.29979	2.64263
0.56225	0.29364	2.66819
0.56394	0.28779	2.69343
0.56563	0.28220	2.71836
0.56732	0.27687	2.74300
0.56901	0.27178	2.76733
0.57070	0.26692	2.79139
0.57239	0.26227	2.81518
0.57408	0.25783	2.83870
0.57577	0.25357	2.86198
0.57746	0.24950	2.88500
0.57915	0.24560	2.90779
0.58084	0.24186	2.93035
0.58253	0.23827	2.95269
0.58422	0.23483	2.97481
0.58591	0.23153	2.99673
0.58760	0.22837	3.01844
0.58929	0.22533	3.03996
0.59098	0.22241	3.06129
0.59267	0.21960	3.08244
0.59436	0.21690	3.10341
0.59605	0.21431	3.12421
0.59774	0.21182	3.14484
0.59943	0.20942	3.16531
0.60112	0.20711	3.18562
0.60281	0.20489	3.20578
0.60450	0.20275	3.22580
0.60619	0.20069	3.24567
0.60788	0.19871	3.26540
0.60957	0.19680	3.28499
0.61126	0.19496	3.30446
0.61295	0.19318	3.32379
0.61464	0.19147	3.34300
0.61633	0.18983	3.36209
0.61801	0.18824	3.38107
0.61970	0.18671	3.39993
0.62139	0.18523	3.41867
0.62308	0.18381	3.43731
0.62477	0.18244	3.45584
0.62646	0.18112	3.47427
0.62815	0.17984	3.49260
0.62984	0.17861	3.51083
0.63153	0.17743	3.52897
0.63322	0.17628	3.54701
0.63491	0.17518	3.56496
0.63660	0.17412	3.58283
0.63829	0.17309	3.60060
0.63998	0.17211	3.61830
0.64167	0.17115	3.63591
0.64336	0.17023	3.65344
0.64505	0.16935	3.67089
0.64674	0.16850	3.68827
0.64843	0.16767	3.70557
0.65012	0.16688	3.72280
0.65181	0.16612	3.73996
0.65350	0.16539	3.75705
0.65519	0.16468	3.77406
0.65688	0.16400	3.79102
0.65857	0.16334	3.80791
0.66026	0.16271	3.82473
0.66195	0.16211	3.84149
0.66364	0.16153	3.85819
0.66533	0.16097	3.87483
0.66702	0.16043	3.89142
0.66871	0.15992	3.90794
0.67040	0.15942	3.92441
0.67209	0.15895	3.94082
0.67378	0.15849	3.95718
0.67546	0.15806	3.97349
0.67715	0.15764	3.98975
0.67884	0.15724	4.00595
0.68053	0.15686	4.02211
0.68222	0.15650	4.03822
0.68391	0.15615	4.05428
0.68560	0.15582	4.07029
0.68729	0.15551	4.08626
0.68898	0.15521	4.10218
0.69067	0.15493	4.11806
0.69236	0.15466	4.13389
0.69405	0.15440	4.14969
0.69574	0.15416	4.16544
0.69743	0.15393	4.18115
0.69912	0.15372	4.19682
0.70081	0.15352	4.21245
0.70250	0.15333	4.22804
0.70419	0.15316	4.24359
0.70588	0.15299	4.25911
0.70757	0.15284	4.27459
0.70926	0.15270	4.29003
0.71095	0.15257	4.30544
0.71264	0.15246	4.32082
0.71433	0.15235	4.33615
0.71602	0.15225	4.35146
0.71771	0.15217	4.36673
0.71940	0.15209	4.38197
0.72109	0.15203	4.39718
0.72278	0.15197	4.41236
0.72447	0.15193	4.42751
0.72616	0.15189	4.44262
0.72785	0.15186	4.45771
0.72954	0.15184	4.47276
0.73122	0.15183	4.48779
0.73291	0.15183	4.50279
0.73460	0.15184	4.51776
0.73629	0.15185	4.53271
0.73798	0.15187	4.54762
0.73967	0.15190	4.56251
0.74136	0.15194	4.57738
0.74305	0.15199	4.59221
0.74474	0.15204	4.60703
0.74643	0.15210	4.62181
0.74812	0.15217	4.63658
0.74981	0.15224	4.65131
0.75150	0.15233	4.66603
0.75319	0.15242	4.68072
0.75488	0.15251	4.69539
0.75657	0.15261	4.71003
0.75826	0.15272	4.72465
0.75995	0.15284	4.73925
0.76164	0.15296	4.75383
0.76333	0.15308	4.76838
0.76502	0.15322	4.78292
0.76671	0.15336	4.79743
0.76840	0.15350	4.81193
0.77009	0.15365	4.82640
0.77178	0.15381	4.84085
0.77347	0.15397	4.85528
0.77516	0.15413	4.86969
0.77685	0.15431	4.88409
0.77854	0.15448	4.89846
0.78023	0.15467	4.91282
0.78192	0.15485	4.92715
0.78361	0.15505	4.94147
0.78530	0.15525	4.95577
0.78699	0.15545	4.97006
0.78867	0.15566	4.98432
0.79036	0.15587	4.99857
0.79205	0.15608	5.01280
0.79374	0.15631	5.02701
0.79543	0.15653	5.04121
0.79712	0.15676	5.05539
0.79881	0.15700	5.06955
0.80050	0.15724	5.08370
0.80219	0.15748	5.09784
0.80388	0.15773	5.11195
0.80557	0.15798	5.12605
0.80726	0.15824	5.14014
0.80895	0.15850	5.15421
0.81064	0.15876	5.16827
0.81233	0.15903	5.18231
0.81402	0.15930	5.19633
0.81571	0.15957	5.21034
0.81740	0.15985	5.22434
0.81909	0.16014	5.23833
0.82078	0.16042	5.25230
0.82247	0.16071	5.26625
0.82416	0.16101	5.28020
0.82585	0.16131	5.29413
0.82754	0.16161	5.30804
0.82923	0.16191	5.32195
0.83092	0.16222	5.33584
0.83261	0.16253	5.34971
0.83430	0.16285	5.36358
0.83599	0.16317	5.37743
0.83768	0.16349	5.39127
0.83937	0.16381	5.40510
0.84106	0.16414	5.41891
0.84275	0.16447	5.43272
0.84443	0.16480	5.44651
0.84612	0.16514	5.46029
0.84781	0.16548	5.47406
0.84950	0.16583	5.48782
0.85119	0.16617	5.50156
0.85288	0.16652	5.51530
0.85457	0.16687	5.52902
0.85626	0.16723	5.54273
0.85795	0.16759	5.55644
0.85964	0.16795	5.57013
0.86133	0.16831	5.58381
0.86302	0.16868	5.59748
0.86471	0.16905	5.61114
0.86640	0.16942	5.62479
0.86809	0.16980	5.63843
0.86978	0.17017	5.65206
0.87147	0.17055	5.66568
0.87316	0.17094	5.67929
0.87485	0.17132	5.69289
0.87654	0.17171	5.70648
0.87823	0.17210	5.72006
0.87992	0.17249	5.73363
0.88161	0.17289	5.74720
0.88330	0.17329	5.76075
0.88499	0.17369	5.77429
0.88668	0.17409	5.78783
0.88837	0.17450	5.80135
0.89006	0.17491	5.81487
0.89175	0.17532	5.82838
0.89344	0.17573	5.84188
0.89513	0.17615	5.85537
0.89682	0.17656	5.86885
0.89851	0.17698	5.88232
0.90020	0.17741	5.89579
0.90188	0.17783	5.90925
0.90357	0.17826	5.92270
0.90526	0.17869	5.93614
0.90695	0.17912	5.94957
0.90864	0.17955	5.96299
0.91033	0.17999	5.97641
0.91202	0.18042	5.98982
0.91371	0.18086	6.00322
0.91540	0.18131	6.01662
0.91709	0.18175	6.03000
0.91878	0.18220	6.04338
0.92047	0.18265	6.05675
0.92216	0.18310	6.07011
0.92385	0.18355	6.08347
0.92554	0.18401	6.09682
0.92723	0.18446	6.11016
0.92892	0.18492	6.12349
0.93061	0.18538	6.13682
0.93230	0.18585	6.15014
0.93399	0.18631	6.16346
0.93568	0.18678	6.17676
0.93737	0.18725	6.19006
0.93906	0.18772	6.20335
0.94075	0.18819	6.21664
0.94244	0.18867	6.22992
0.94413	0.18914	6.24319
0.94582	0.18962	6.25646
0.94751	0.19010	6.26972
0.94920	0.19058	6.28297
0.95089	0.19107	6.29622
0.95258	0.19156	6.30946
0.95427	0.19204	6.32269
0.95596	0.19253	6.33592
0.95764	0.19303	6.34914
0.95933	0.19352	6.36236
0.96102	0.19401	6.37557
0.96271	0.19451	6.38877
0.96440	0.19501	6.40197
0.96609	0.19551	6.41516
0.96778	0.19601	6.42835
0.96947	0.19652	6.44153
0.97116	0.19703	6.45470
0.97285	0.19753	6.46787
0.97454	0.19804	6.48103
0.97623	0.19855	6.49419
0.97792	0.19907	6.50734
0.97961	0.19958	6.52049
0.98130	0.20010	6.53363
0.98299	0.20062	6.54676
0.98468	0.20114	6.55989
0.98637	0.20166	6.57302
0.98806	0.20218	6.58614
0.98975	0.20271	6.59925
0.99144	0.20324	6.61236
0.99313	0.20376	6.62546
0.99482	0.20429	6.63856
0.99651	0.20483	6.65165
0.99820	0.20536	6.66474
0.99989	0.20589	6.67782
1.00158	0.20643	6.69090
1.00327	0.20697	6.70397
1.00496	0.20751	6.71704
1.00665	0.20805	6.73010
1.00834	0.20859	6.74316
1.01003	0.20914	6.75622
1.01172	0.20968	6.76926
1.01341	0.21023	6.78231
1.01509	0.21078	6.79535
1.01678	0.21133	6.80838
1.01847	0.21189	6.82141
1.02016	0.21244	6.83444
1.02185	0.21300	6.84746
1.02354	0.21355	6.86047
1.02523	0.21411	6.87348
1.02692	0.21467	6.88649
1.02861	0.21523	6.89949
1.03030	0.21580	6.91249
1.03199	0.21636	6.92548
1.03368	0.21693	6.93847
1.03537	0.21750	6.95146
1.03706	0.21806	6.96444
1.03875	0.21864	6.97742
1.04044	0.21921	6.99039
1.04213	0.21978	7.00336
1.04382	0.22036	7.01632
1.04551	0.22093	7.02928
1.04720	0.22151	7.04223
