Refractive index of gold at +81K
lambda [um]	n	k
0.55043	0.35157	2.48963
0.55212	0.34302	2.51735
0.55381	0.33490	2.54468
0.55550	0.32720	2.57163
0.55719	0.31988	2.59821
0.55888	0.31292	2.62445
0.56057	0.30629	2.65034
0.56225	0.29999	2.67590
0.56394	0.29397	2.70115
0.56563	0.28824	2.72608
0.56732	0.28278	2.75072
0.56901	0.27756	2.77507
0.57070	0.27257	2.79914
0.57239	0.26780	2.82294
0.57408	0.26325	2.84648
0.57577	0.25889	2.86977
0.57746	0.25471	2.89281
0.57915	0.25072	2.91562
0.58084	0.24689	2.93820
0.58253	0.24322	2.96056
0.58422	0.23970	2.98271
0.58591	0.23632	3.00465
0.58760	0.23309	3.02639
0.58929	0.22998	3.04794
0.59098	0.22699	3.06930
0.59267	0.22412	3.09048
0.59436	0.22137	3.11148
0.59605	0.21872	3.13231
0.59774	0.21617	3.15297
0.59943	0.21372	3.17347
0.60112	0.21136	3.19382
0.60281	0.20910	3.21401
0.60450	0.20691	3.23406
0.60619	0.20481	3.25396
0.60788	0.20279	3.27373
0.60957	0.20084	3.29336
0.61126	0.19897	3.31286
0.61295	0.19716	3.33223
0.61464	0.19542	3.35148
0.61633	0.19375	3.37061
0.61801	0.19213	3.38962
0.61970	0.19057	3.40851
0.62139	0.18907	3.42730
0.62308	0.18763	3.44597
0.62477	0.18623	3.46454
0.62646	0.18489	3.48301
0.62815	0.18359	3.50138
0.62984	0.18234	3.51965
0.63153	0.18114	3.53782
0.63322	0.17998	3.55591
0.63491	0.17886	3.57390
0.63660	0.17778	3.59180
0.63829	0.17674	3.60962
0.63998	0.17574	3.62736
0.64167	0.17477	3.64501
0.64336	0.17384	3.66258
0.64505	0.17295	3.68007
0.64674	0.17208	3.69749
0.64843	0.17125	3.71484
0.65012	0.17045	3.73211
0.65181	0.16968	3.74931
0.65350	0.16894	3.76643
0.65519	0.16822	3.78350
0.65688	0.16754	3.80049
0.65857	0.16688	3.81742
0.66026	0.16624	3.83429
0.66195	0.16563	3.85109
0.66364	0.16505	3.86784
0.66533	0.16448	3.88452
0.66702	0.16394	3.90115
0.66871	0.16342	3.91771
0.67040	0.16293	3.93423
0.67209	0.16245	3.95068
0.67378	0.16200	3.96709
0.67546	0.16156	3.98344
0.67715	0.16114	3.99974
0.67884	0.16074	4.01599
0.68053	0.16036	4.03219
0.68222	0.16000	4.04834
0.68391	0.15966	4.06445
0.68560	0.15933	4.08050
0.68729	0.15901	4.09651
0.68898	0.15872	4.11248
0.69067	0.15843	4.12840
0.69236	0.15817	4.14428
0.69405	0.15792	4.16012
0.69574	0.15768	4.17592
0.69743	0.15746	4.19167
0.69912	0.15725	4.20739
0.70081	0.15705	4.22306
0.70250	0.15686	4.23870
0.70419	0.15669	4.25430
0.70588	0.15653	4.26986
0.70757	0.15639	4.28538
0.70926	0.15625	4.30087
0.71095	0.15613	4.31633
0.71264	0.15602	4.33175
0.71433	0.15592	4.34713
0.71602	0.15583	4.36248
0.71771	0.15575	4.37780
0.71940	0.15568	4.39309
0.72109	0.15562	4.40834
0.72278	0.15557	4.42357
0.72447	0.15553	4.43876
0.72616	0.15550	4.45392
0.72785	0.15548	4.46905
0.72954	0.15547	4.48415
0.73122	0.15546	4.49923
0.73291	0.15547	4.51427
0.73460	0.15548	4.52929
0.73629	0.15550	4.54428
0.73798	0.15554	4.55924
0.73967	0.15557	4.57418
0.74136	0.15562	4.58909
0.74305	0.15568	4.60397
0.74474	0.15574	4.61883
0.74643	0.15581	4.63366
0.74812	0.15588	4.64847
0.74981	0.15597	4.66326
0.75150	0.15606	4.67802
0.75319	0.15616	4.69275
0.75488	0.15626	4.70747
0.75657	0.15637	4.72216
0.75826	0.15649	4.73683
0.75995	0.15661	4.75147
0.76164	0.15674	4.76610
0.76333	0.15688	4.78070
0.76502	0.15702	4.79528
0.76671	0.15717	4.80984
0.76840	0.15733	4.82438
0.77009	0.15749	4.83890
0.77178	0.15766	4.85340
0.77347	0.15783	4.86788
0.77516	0.15800	4.88234
0.77685	0.15819	4.89678
0.77854	0.15838	4.91120
0.78023	0.15857	4.92560
0.78192	0.15877	4.93998
0.78361	0.15897	4.95435
0.78530	0.15918	4.96869
0.78699	0.15939	4.98302
0.78867	0.15961	4.99734
0.79036	0.15984	5.01163
0.79205	0.16007	5.02591
0.79374	0.16030	5.04017
0.79543	0.16054	5.05441
0.79712	0.16078	5.06864
0.79881	0.16102	5.08285
0.80050	0.16128	5.09704
0.80219	0.16153	5.11122
0.80388	0.16179	5.12539
0.80557	0.16205	5.13953
0.80726	0.16232	5.15367
0.80895	0.16259	5.16778
0.81064	0.16287	5.18189
0.81233	0.16315	5.19597
0.81402	0.16344	5.21005
0.81571	0.16372	5.22411
0.81740	0.16402	5.23815
0.81909	0.16431	5.25218
0.82078	0.16461	5.26620
0.82247	0.16491	5.28020
0.82416	0.16522	5.29419
0.82585	0.16553	5.30817
0.82754	0.16585	5.32213
0.82923	0.16616	5.33608
0.83092	0.16648	5.35002
0.83261	0.16681	5.36394
0.83430	0.16714	5.37785
0.83599	0.16747	5.39175
0.83768	0.16780	5.40564
0.83937	0.16814	5.41951
0.84106	0.16848	5.43338
0.84275	0.16883	5.44723
0.84443	0.16918	5.46107
0.84612	0.16953	5.47489
0.84781	0.16988	5.48871
0.84950	0.17024	5.50251
0.85119	0.17060	5.51631
0.85288	0.17096	5.53009
0.85457	0.17133	5.54386
0.85626	0.17170	5.55762
0.85795	0.17207	5.57137
0.85964	0.17244	5.58511
0.86133	0.17282	5.59883
0.86302	0.17320	5.61255
0.86471	0.17359	5.62626
0.86640	0.17397	5.63995
0.86809	0.17436	5.65364
0.86978	0.17475	5.66732
0.87147	0.17515	5.68098
0.87316	0.17555	5.69464
0.87485	0.17595	5.70829
0.87654	0.17635	5.72192
0.87823	0.17675	5.73555
0.87992	0.17716	5.74917
0.88161	0.17757	5.76278
0.88330	0.17798	5.77638
0.88499	0.17840	5.78997
0.88668	0.17882	5.80355
0.88837	0.17924	5.81712
0.89006	0.17966	5.83069
0.89175	0.18009	5.84424
0.89344	0.18052	5.85779
0.89513	0.18095	5.87132
0.89682	0.18138	5.88485
0.89851	0.18181	5.89837
0.90020	0.18225	5.91188
0.90188	0.18269	5.92539
0.90357	0.18313	5.93888
0.90526	0.18358	5.95237
0.90695	0.18402	5.96585
0.90864	0.18447	5.97932
0.91033	0.18492	5.99278
0.91202	0.18538	6.00624
0.91371	0.18583	6.01969
0.91540	0.18629	6.03313
0.91709	0.18675	6.04656
0.91878	0.18721	6.05998
0.92047	0.18768	6.07340
0.92216	0.18814	6.08681
0.92385	0.18861	6.10021
0.92554	0.18908	6.11361
0.92723	0.18956	6.12699
0.92892	0.19003	6.14037
0.93061	0.19051	6.15375
0.93230	0.19099	6.16711
0.93399	0.19147	6.18047
0.93568	0.19195	6.19383
0.93737	0.19244	6.20717
0.93906	0.19292	6.22051
0.94075	0.19341	6.23384
0.94244	0.19390	6.24717
0.94413	0.19440	6.26049
0.94582	0.19489	6.27380
0.94751	0.19539	6.28710
0.94920	0.19589	6.30040
0.95089	0.19639	6.31370
0.95258	0.19689	6.32698
0.95427	0.19740	6.34026
0.95596	0.19790	6.35354
0.95764	0.19841	6.36680
0.95933	0.19892	6.38007
0.96102	0.19943	6.39332
0.96271	0.19995	6.40657
0.96440	0.20046	6.41981
0.96609	0.20098	6.43305
0.96778	0.20150	6.44628
0.96947	0.20202	6.45951
0.97116	0.20254	6.47273
0.97285	0.20307	6.48594
0.97454	0.20360	6.49915
0.97623	0.20412	6.51235
0.97792	0.20465	6.52555
0.97961	0.20519	6.53874
0.98130	0.20572	6.55193
0.98299	0.20626	6.56511
0.98468	0.20679	6.57828
0.98637	0.20733	6.59145
0.98806	0.20787	6.60462
0.98975	0.20841	6.61778
0.99144	0.20896	6.63093
0.99313	0.20950	6.64408
0.99482	0.21005	6.65722
0.99651	0.21060	6.67036
0.99820	0.21115	6.68350
0.99989	0.21170	6.69662
1.00158	0.21226	6.70975
1.00327	0.21281	6.72286
1.00496	0.21337	6.73598
1.00665	0.21393	6.74909
1.00834	0.21449	6.76219
1.01003	0.21505	6.77529
1.01172	0.21562	6.78838
1.01341	0.21618	6.80147
1.01509	0.21675	6.81455
1.01678	0.21732	6.82763
1.01847	0.21789	6.84071
1.02016	0.21846	6.85378
1.02185	0.21903	6.86684
1.02354	0.21961	6.87990
1.02523	0.22019	6.89296
1.02692	0.22076	6.90601
1.02861	0.22134	6.91906
1.03030	0.22193	6.93210
1.03199	0.22251	6.94514
1.03368	0.22309	6.95818
1.03537	0.22368	6.97121
1.03706	0.22427	6.98423
1.03875	0.22486	6.99725
1.04044	0.22545	7.01027
1.04213	0.22604	7.02328
1.04382	0.22663	7.03629
1.04551	0.22723	7.04930
1.04720	0.22782	7.06230
